Monte Carlo #data training 3000 / 4386 data points
func_val=12020.13990373171, avg_rel_err=0.06156683270389045, theta=[0.1, 1.0, 0.0, 0.0, 1.0, 0.1, 0.05, 0.2, 1.0, 0.1, 0.01, 0.02, 0.01, 0.1]
func_val=12020.139708694147, avg_rel_err=0.06156683289561941, theta=[0.10000060251626516, 1.0, 0.0, 0.0, 1.0, 0.1, 0.05, 0.2, 1.0, 0.1, 0.01, 0.02, 0.01, 0.1]
func_val=12020.139900870623, avg_rel_err=0.06156683271665256, theta=[0.1, 1.0000010954841185, 0.0, 0.0, 1.0, 0.1, 0.05, 0.2, 1.0, 0.1, 0.01, 0.02, 0.01, 0.1]
func_val=12020.140228842372, avg_rel_err=0.061566833578769395, theta=[0.1, 1.0, 5.477420592293902e-07, 0.0, 1.0, 0.1, 0.05, 0.2, 1.0, 0.1, 0.01, 0.02, 0.01, 0.1]
func_val=12020.137193357903, avg_rel_err=0.061566810752392814, theta=[0.1, 1.0, 0.0, 5.477420592293902e-07, 1.0, 0.1, 0.05, 0.2, 1.0, 0.1, 0.01, 0.02, 0.01, 0.1]
func_val=12020.1398981247, avg_rel_err=0.061566832723766174, theta=[0.1, 1.0, 0.0, 0.0, 1.0000010954841185, 0.1, 0.05, 0.2, 1.0, 0.1, 0.01, 0.02, 0.01, 0.1]
func_val=12020.139723797152, avg_rel_err=0.06156683285669083, theta=[0.1, 1.0, 0.0, 0.0, 1.0, 0.10000060251626516, 0.05, 0.2, 1.0, 0.1, 0.01, 0.02, 0.01, 0.1]
func_val=12020.13925971741, avg_rel_err=0.06156682871176467, theta=[0.1, 1.0, 0.0, 0.0, 1.0, 0.1, 0.05000057512916219, 0.2, 1.0, 0.1, 0.01, 0.02, 0.01, 0.1]
func_val=12020.139913992158, avg_rel_err=0.06156683238425909, theta=[0.1, 1.0, 0.0, 0.0, 1.0, 0.1, 0.05, 0.2000006572904711, 1.0, 0.1, 0.01, 0.02, 0.01, 0.1]
func_val=12020.139069140792, avg_rel_err=0.06156682572115003, theta=[0.1, 1.0, 0.0, 0.0, 1.0, 0.1, 0.05, 0.2, 1.0000010954841185, 0.1, 0.01, 0.02, 0.01, 0.1]
func_val=12020.139887993782, avg_rel_err=0.06156683261323856, theta=[0.1, 1.0, 0.0, 0.0, 1.0, 0.1, 0.05, 0.2, 1.0, 0.10000060251626516, 0.01, 0.02, 0.01, 0.1]
func_val=12020.139811516545, avg_rel_err=0.06156683143479098, theta=[0.1, 1.0, 0.0, 0.0, 1.0, 0.1, 0.05, 0.2, 1.0, 0.1, 0.010000553219479822, 0.02, 0.01, 0.1]
func_val=12020.139889349732, avg_rel_err=0.0615668327169687, theta=[0.1, 1.0, 0.0, 0.0, 1.0, 0.1, 0.05, 0.2, 1.0, 0.1, 0.01, 0.020000558696900414, 0.01, 0.1]
func_val=12020.139876057066, avg_rel_err=0.061566832705476644, theta=[0.1, 1.0, 0.0, 0.0, 1.0, 0.1, 0.05, 0.2, 1.0, 0.1, 0.01, 0.02, 0.010000553219479822, 0.1]
func_val=12020.093971213919, avg_rel_err=0.061566836813630337, theta=[0.1, 1.0, 0.0, 0.0, 1.0, 0.1, 0.05, 0.2, 1.0, 0.1, 0.01, 0.02, 0.01, 0.10000060251626516]
func_val=5469.409971141466, avg_rel_err=0.05328685296398218, theta=[0.16896551724137931, 1.0090058958807182, -0.1724137931034483, 0.1724137931034483, 1.0176492883330537, 1.1, 0.3775862068965517, 0.1482758620689655, 1.3448275862068966, 0.19007012385781086, 0.0410344827586207, 0.04758620689655173, 0.0410344827586207, 0.41034482758620694]
func_val=5469.4099542475715, avg_rel_err=0.05328685376878822, theta=[0.1689661575329589, 1.0090058958807182, -0.1724137931034483, 0.1724137931034483, 1.0176492883330537, 1.1, 0.3775862068965517, 0.1482758620689655, 1.3448275862068966, 0.19007012385781086, 0.0410344827586207, 0.04758620689655173, 0.0410344827586207, 0.41034482758620694]
func_val=5469.409969102943, avg_rel_err=0.05328685299175469, theta=[0.16896551724137931, 1.0090069962977446, -0.1724137931034483, 0.1724137931034483, 1.0176492883330537, 1.1, 0.3775862068965517, 0.1482758620689655, 1.3448275862068966, 0.19007012385781086, 0.0410344827586207, 0.04758620689655173, 0.0410344827586207, 0.41034482758620694]
func_val=5469.4099534380175, avg_rel_err=0.05328684686068049, theta=[0.16896551724137931, 1.0090058958807182, -0.17241315092310297, 0.1724137931034483, 1.0176492883330537, 1.1, 0.3775862068965517, 0.1482758620689655, 1.3448275862068966, 0.19007012385781086, 0.0410344827586207, 0.04758620689655173, 0.0410344827586207, 0.41034482758620694]
func_val=5469.4098525766985, avg_rel_err=0.05328681555358458, theta=[0.16896551724137931, 1.0090058958807182, -0.1724137931034483, 0.1724144352837936, 1.0176492883330537, 1.1, 0.3775862068965517, 0.1482758620689655, 1.3448275862068966, 0.19007012385781086, 0.0410344827586207, 0.04758620689655173, 0.0410344827586207, 0.41034482758620694]
func_val=5469.409966891775, avg_rel_err=0.05328685320280717, theta=[0.16896551724137931, 1.0090058958807182, -0.1724137931034483, 0.1724137931034483, 1.0176503934844296, 1.1, 0.3775862068965517, 0.1482758620689655, 1.3448275862068966, 0.19007012385781086, 0.0410344827586207, 0.04758620689655173, 0.0410344827586207, 0.41034482758620694]
func_val=5469.409968617076, avg_rel_err=0.05328685298272648, theta=[0.16896551724137931, 1.0090058958807182, -0.1724137931034483, 0.1724137931034483, 1.0176492883330537, 1.1000011502583245, 0.3775862068965517, 0.1482758620689655, 1.3448275862068966, 0.19007012385781086, 0.0410344827586207, 0.04758620689655173, 0.0410344827586207, 0.41034482758620694]
func_val=5469.409948553697, avg_rel_err=0.05328685280033021, theta=[0.16896551724137931, 1.0090058958807182, -0.1724137931034483, 0.1724137931034483, 1.0176492883330537, 1.1, 0.37758696145845744, 0.1482758620689655, 1.3448275862068966, 0.19007012385781086, 0.0410344827586207, 0.04758620689655173, 0.0410344827586207, 0.41034482758620694]
func_val=5469.410080479076, avg_rel_err=0.053286853753529484, theta=[0.16896551724137931, 1.0090058958807182, -0.1724137931034483, 0.1724137931034483, 1.0176492883330537, 1.1, 0.3775862068965517, 0.14827649102795076, 1.3448275862068966, 0.19007012385781086, 0.0410344827586207, 0.04758620689655173, 0.0410344827586207, 0.41034482758620694]
func_val=5469.409920156921, avg_rel_err=0.05328684995481009, theta=[0.16896551724137931, 1.0090058958807182, -0.1724137931034483, 0.1724137931034483, 1.0176492883330537, 1.1, 0.3775862068965517, 0.1482758620689655, 1.3448288705675873, 0.19007012385781086, 0.0410344827586207, 0.04758620689655173, 0.0410344827586207, 0.41034482758620694]
func_val=5469.409965558749, avg_rel_err=0.05328685241413526, theta=[0.16896551724137931, 1.0090058958807182, -0.1724137931034483, 0.1724137931034483, 1.0176492883330537, 1.1, 0.3775862068965517, 0.1482758620689655, 1.3448275862068966, 0.19007077570927114, 0.0410344827586207, 0.04758620689655173, 0.0410344827586207, 0.41034482758620694]
func_val=5469.409963984166, avg_rel_err=0.053286851731628164, theta=[0.16896551724137931, 1.0090058958807182, -0.1724137931034483, 0.1724137931034483, 1.0176492883330537, 1.1, 0.3775862068965517, 0.1482758620689655, 1.3448275862068966, 0.19007012385781086, 0.04103505297699201, 0.04758620689655173, 0.0410344827586207, 0.41034482758620694]
func_val=5469.409965104163, avg_rel_err=0.05328685298550438, theta=[0.16896551724137931, 1.0090058958807182, -0.1724137931034483, 0.1724137931034483, 1.0176492883330537, 1.1, 0.3775862068965517, 0.1482758620689655, 1.3448275862068966, 0.19007012385781086, 0.0410344827586207, 0.04758678070357791, 0.0410344827586207, 0.41034482758620694]
func_val=5469.409964196064, avg_rel_err=0.05328685296578065, theta=[0.16896551724137931, 1.0090058958807182, -0.1724137931034483, 0.1724137931034483, 1.0176492883330537, 1.1, 0.3775862068965517, 0.1482758620689655, 1.3448275862068966, 0.19007012385781086, 0.0410344827586207, 0.04758620689655173, 0.04103505297699201, 0.41034482758620694]
func_val=5469.404024162977, avg_rel_err=0.05328685330705231, theta=[0.16896551724137931, 1.0090058958807182, -0.1724137931034483, 0.1724137931034483, 1.0176492883330537, 1.1, 0.3775862068965517, 0.1482758620689655, 1.3448275862068966, 0.19007012385781086, 0.0410344827586207, 0.04758620689655173, 0.0410344827586207, 0.41034560009138704]
func_val=2872.3982620729903, avg_rel_err=0.046349846600993394, theta=[0.3, 1.0275308939154064, 0.10326340871696127, 0.5, 1.056102757096694, 1.1219462863493643, 0.6769356469787315, 0.05, 1.7417919694547783, 0.2757141257104432, 0.1, 0.1, 0.1, 1.0]
func_val=2872.398262728842, avg_rel_err=0.046349845924371774, theta=[0.299999287935323, 1.0275308939154064, 0.10326340871696127, 0.5, 1.056102757096694, 1.1219462863493643, 0.6769356469787315, 0.05, 1.7417919694547783, 0.2757141257104432, 0.1, 0.1, 0.1, 1.0]
func_val=2872.3982625064473, avg_rel_err=0.04634984678183979, theta=[0.3, 1.0275320044793534, 0.10326340871696127, 0.5, 1.056102757096694, 1.1219462863493643, 0.6769356469787315, 0.05, 1.7417919694547783, 0.2757141257104432, 0.1, 0.1, 0.1, 1.0]
func_val=2872.398271516699, avg_rel_err=0.046349849908714526, theta=[0.3, 1.0275308939154064, 0.10326401302073263, 0.5, 1.056102757096694, 1.1219462863493643, 0.6769356469787315, 0.05, 1.7417919694547783, 0.2757141257104432, 0.1, 0.1, 0.1, 1.0]
func_val=2872.3982640835575, avg_rel_err=0.046349844628753446, theta=[0.3, 1.0275308939154064, 0.10326340871696127, 0.49999917838691116, 1.056102757096694, 1.1219462863493643, 0.6769356469787315, 0.05, 1.7417919694547783, 0.2757141257104432, 0.1, 0.1, 0.1, 1.0]
func_val=2872.39826139322, avg_rel_err=0.04634984707660893, theta=[0.3, 1.0275308939154064, 0.10326340871696127, 0.5, 1.0561038833106522, 1.1219462863493643, 0.6769356469787315, 0.05, 1.7417919694547783, 0.2757141257104432, 0.1, 0.1, 0.1, 1.0]
func_val=2872.3982628625768, avg_rel_err=0.04634984660760168, theta=[0.3, 1.0275308939154064, 0.10326340871696127, 0.5, 1.056102757096694, 1.1219474486285927, 0.6769356469787315, 0.05, 1.7417919694547783, 0.2757141257104432, 0.1, 0.1, 0.1, 1.0]
func_val=2872.3982956485556, avg_rel_err=0.046349846744131895, theta=[0.3, 1.0275308939154064, 0.10326340871696127, 0.5, 1.056102757096694, 1.1219462863493643, 0.676936565506916, 0.05, 1.7417919694547783, 0.2757141257104432, 0.1, 0.1, 0.1, 1.0]
func_val=2872.3976510270013, avg_rel_err=0.04634983992189883, theta=[0.3, 1.0275308939154064, 0.10326340871696127, 0.5, 1.056102757096694, 1.1219462863493643, 0.6769356469787315, 0.05000057512916219, 1.7417919694547783, 0.2757141257104432, 0.1, 0.1, 0.1, 1.0]
func_val=2872.398353132639, avg_rel_err=0.04634984640144111, theta=[0.3, 1.0275308939154064, 0.10326340871696127, 0.5, 1.056102757096694, 1.1219462863493643, 0.6769356469787315, 0.05, 1.7417934712495577, 0.2757141257104432, 0.1, 0.1, 0.1, 1.0]
func_val=2872.398261278812, avg_rel_err=0.04634984534184784, theta=[0.3, 1.0275308939154064, 0.10326340871696127, 0.5, 1.056102757096694, 1.1219462863493643, 0.6769356469787315, 0.05, 1.7417919694547783, 0.2757148244727254, 0.1, 0.1, 0.1, 1.0]
func_val=2872.398261612636, avg_rel_err=0.046349849153827796, theta=[0.3, 1.0275308939154064, 0.10326340871696127, 0.5, 1.056102757096694, 1.1219462863493643, 0.6769356469787315, 0.05, 1.7417919694547783, 0.2757141257104432, 0.09999939748373485, 0.1, 0.1, 1.0]
func_val=2872.398259135518, avg_rel_err=0.04634984664089716, theta=[0.3, 1.0275308939154064, 0.10326340871696127, 0.5, 1.056102757096694, 1.1219462863493643, 0.6769356469787315, 0.05, 1.7417919694547783, 0.2757141257104432, 0.1, 0.09999939748373485, 0.1, 1.0]
func_val=2872.398259065224, avg_rel_err=0.04634984659462039, theta=[0.3, 1.0275308939154064, 0.10326340871696127, 0.5, 1.056102757096694, 1.1219462863493643, 0.6769356469787315, 0.05, 1.7417919694547783, 0.2757141257104432, 0.1, 0.1, 0.09999939748373485, 1.0]
func_val=2872.3950691804716, avg_rel_err=0.04634984579427849, theta=[0.3, 1.0275308939154064, 0.10326340871696127, 0.5, 1.056102757096694, 1.1219462863493643, 0.6769356469787315, 0.05, 1.7417919694547783, 0.2757141257104432, 0.1, 0.1, 0.1, 0.9999989045158816]
func_val=3241.5982080558615, avg_rel_err=0.0460994219731958, theta=[0.2626541283648463, 1.0221362482865932, 0.022096573297859506, 0.41093617519932635, 1.0450324955632129, 1.1155357288760788, 0.5870296224858237, 0.16849771105348105, 1.6214697706643173, 0.2510395416387282, 0.08311240314414468, 0.0845867076085258, 0.08271698054620763, 0.8421095806132561]
func_val=2851.608437470907, avg_rel_err=0.046032576704613616, theta=[0.2884573219472485, 1.025863543416524, 0.0781767630240684, 0.4724725917267613, 1.0526812151900258, 1.1199649428216063, 0.6491479357729879, 0.08662468885558988, 1.7046033769162086, 0.2680878268036247, 0.09478046474597984, 0.09523613550794077, 0.094658249477118, 0.9512000068869835]
func_val=2851.608431811132, avg_rel_err=0.046032577283564885, theta=[0.28845802768951523, 1.025863543416524, 0.0781767630240684, 0.4724725917267613, 1.0526812151900258, 1.1199649428216063, 0.6491479357729879, 0.08662468885558988, 1.7046033769162086, 0.2680878268036247, 0.09478046474597984, 0.09523613550794077, 0.094658249477118, 0.9512000068869835]
func_val=2851.6084357151403, avg_rel_err=0.04603257686070055, theta=[0.2884573219472485, 1.0258646530671929, 0.0781767630240684, 0.4724725917267613, 1.0526812151900258, 1.1199649428216063, 0.6491479357729879, 0.08662468885558988, 1.7046033769162086, 0.2680878268036247, 0.09478046474597984, 0.09523613550794077, 0.094658249477118, 0.9512000068869835]
func_val=2851.6084368381776, avg_rel_err=0.0460325797846859, theta=[0.2884573219472485, 1.025863543416524, 0.07817735358682878, 0.4724725917267613, 1.0526812151900258, 1.1199649428216063, 0.6491479357729879, 0.08662468885558988, 1.7046033769162086, 0.2680878268036247, 0.09478046474597984, 0.09523613550794077, 0.094658249477118, 0.9512000068869835]
func_val=2851.608436238376, avg_rel_err=0.04603257815647048, theta=[0.2884573219472485, 1.025863543416524, 0.0781767630240684, 0.47247339826193085, 1.0526812151900258, 1.1199649428216063, 0.6491479357729879, 0.08662468885558988, 1.7046033769162086, 0.2680878268036247, 0.09478046474597984, 0.09523613550794077, 0.094658249477118, 0.9512000068869835]
func_val=2851.6084346137723, avg_rel_err=0.04603257710590796, theta=[0.2884573219472485, 1.025863543416524, 0.0781767630240684, 0.4724725917267613, 1.0526823395298615, 1.1199649428216063, 0.6491479357729879, 0.08662468885558988, 1.7046033769162086, 0.2680878268036247, 0.09478046474597984, 0.09523613550794077, 0.094658249477118, 0.9512000068869835]
func_val=2851.608436162998, avg_rel_err=0.04603257671002928, theta=[0.2884573219472485, 1.025863543416524, 0.0781767630240684, 0.4724725917267613, 1.0526812151900258, 1.1199661040155695, 0.6491479357729879, 0.08662468885558988, 1.7046033769162086, 0.2680878268036247, 0.09478046474597984, 0.09523613550794077, 0.094658249477118, 0.9512000068869835]
func_val=2851.608414116614, avg_rel_err=0.046032576684884856, theta=[0.2884573219472485, 1.025863543416524, 0.0781767630240684, 0.4724725917267613, 1.0526812151900258, 1.1199649428216063, 0.6491488390806742, 0.08662468885558988, 1.7046033769162086, 0.2680878268036247, 0.09478046474597984, 0.09523613550794077, 0.094658249477118, 0.9512000068869835]
func_val=2851.6086871709877, avg_rel_err=0.04603257841866563, theta=[0.2884573219472485, 1.025863543416524, 0.0781767630240684, 0.4724725917267613, 1.0526812151900258, 1.1199649428216063, 0.6491479357729879, 0.08662528404563456, 1.7046033769162086, 0.2680878268036247, 0.09478046474597984, 0.09523613550794077, 0.094658249477118, 0.9512000068869835]
func_val=2851.6083725552985, avg_rel_err=0.046032576012432755, theta=[0.2884573219472485, 1.025863543416524, 0.0781767630240684, 0.4724725917267613, 1.0526812151900258, 1.1199649428216063, 0.6491479357729879, 0.08662468885558988, 1.7046048583412317, 0.2680878268036247, 0.09478046474597984, 0.09523613550794077, 0.094658249477118, 0.9512000068869835]
func_val=2851.6084347634123, avg_rel_err=0.04603257554411048, theta=[0.2884573219472485, 1.025863543416524, 0.0781767630240684, 0.4724725917267613, 1.0526812151900258, 1.1199649428216063, 0.6491479357729879, 0.08662468885558988, 1.7046033769162086, 0.26808852138866224, 0.09478046474597984, 0.09523613550794077, 0.094658249477118, 0.9512000068869835]
func_val=2851.6084350008923, avg_rel_err=0.046032574414398016, theta=[0.2884573219472485, 1.025863543416524, 0.0781767630240684, 0.4724725917267613, 1.0526812151900258, 1.1199649428216063, 0.6491479357729879, 0.08662468885558988, 1.7046033769162086, 0.2680878268036247, 0.094781064403286, 0.09523613550794077, 0.094658249477118, 0.9512000068869835]
func_val=2851.6084343808516, avg_rel_err=0.04603257666045339, theta=[0.2884573219472485, 1.025863543416524, 0.0781767630240684, 0.4724725917267613, 1.0526812151900258, 1.1199649428216063, 0.6491479357729879, 0.08662468885558988, 1.7046033769162086, 0.2680878268036247, 0.09478046474597984, 0.09523673541483697, 0.094658249477118, 0.9512000068869835]
func_val=2851.6084343072607, avg_rel_err=0.04603257671124854, theta=[0.2884573219472485, 1.025863543416524, 0.0781767630240684, 0.4724725917267613, 1.0526812151900258, 1.1199649428216063, 0.6491479357729879, 0.08662468885558988, 1.7046033769162086, 0.2680878268036247, 0.09478046474597984, 0.09523613550794077, 0.09465884906748172, 0.9512000068869835]
func_val=2851.605077721376, avg_rel_err=0.04603257771387859, theta=[0.2884573219472485, 1.025863543416524, 0.0781767630240684, 0.4724725917267613, 1.0526812151900258, 1.1199649428216063, 0.6491479357729879, 0.08662468885558988, 1.7046033769162086, 0.2680878268036247, 0.09478046474597984, 0.09523613550794077, 0.094658249477118, 0.9512010756412932]
func_val=2793.0045535656695, avg_rel_err=0.04615776718121163, theta=[0.2949795843469418, 1.0268003538218036, 0.09013646814671868, 0.48680245049380344, 1.0546499800834386, 1.121014484561194, 0.6627443275118935, 0.11044654293129727, 1.7226316660415169, 0.272346366378099, 0.09768376590775012, 0.09770220783010206, 0.09742176354002485, 0.9848160402948648]
func_val=2793.004552828259, avg_rel_err=0.04615776787625038, theta=[0.294980293661726, 1.0268003538218036, 0.09013646814671868, 0.48680245049380344, 1.0546499800834386, 1.121014484561194, 0.6627443275118935, 0.11044654293129727, 1.7226316660415169, 0.272346366378099, 0.09768376590775012, 0.09770220783010206, 0.09742176354002485, 0.9848160402948648]
func_val=2793.0045539695725, avg_rel_err=0.046157767345958285, theta=[0.2949795843469418, 1.0268014639856031, 0.09013646814671868, 0.48680245049380344, 1.0546499800834386, 1.121014484561194, 0.6627443275118935, 0.11044654293129727, 1.7226316660415169, 0.272346366378099, 0.09768376590775012, 0.09770220783010206, 0.09742176354002485, 0.9848160402948648]
func_val=2793.004557693934, avg_rel_err=0.04615777054346131, theta=[0.2949795843469418, 1.0268003538218036, 0.09013706526031258, 0.48680245049380344, 1.0546499800834386, 1.121014484561194, 0.6627443275118935, 0.11044654293129727, 1.7226316660415169, 0.272346366378099, 0.09768376590775012, 0.09770220783010206, 0.09742176354002485, 0.9848160402948648]
func_val=2793.004551924963, avg_rel_err=0.046157769776473415, theta=[0.2949795843469418, 1.0268003538218036, 0.09013646814671868, 0.4868032648780393, 1.0546499800834386, 1.121014484561194, 0.6627443275118935, 0.11044654293129727, 1.7226316660415169, 0.272346366378099, 0.09768376590775012, 0.09770220783010206, 0.09742176354002485, 0.9848160402948648]
func_val=2793.0045528412315, avg_rel_err=0.04615776765204748, theta=[0.2949795843469418, 1.0268003538218036, 0.09013646814671868, 0.48680245049380344, 1.0546511055016496, 1.121014484561194, 0.6627443275118935, 0.11044654293129727, 1.7226316660415169, 0.272346366378099, 0.09768376590775012, 0.09770220783010206, 0.09742176354002485, 0.9848160402948648]
func_val=2793.004554338577, avg_rel_err=0.046157767181400675, theta=[0.2949795843469418, 1.0268003538218036, 0.09013646814671868, 0.48680245049380344, 1.0546499800834386, 1.1210156463300354, 0.6627443275118935, 0.11044654293129727, 1.7226316660415169, 0.272346366378099, 0.09768376590775012, 0.09770220783010206, 0.09742176354002485, 0.9848160402948648]
func_val=2793.0045707077225, avg_rel_err=0.0461577672658222, theta=[0.2949795843469418, 1.0268003538218036, 0.09013646814671868, 0.48680245049380344, 1.0546499800834386, 1.121014484561194, 0.6627452382668955, 0.11044654293129727, 1.7226316660415169, 0.272346366378099, 0.09768376590775012, 0.09770220783010206, 0.09742176354002485, 0.9848160402948648]
func_val=2793.004376428101, avg_rel_err=0.0461577669511195, theta=[0.2949795843469418, 1.0268003538218036, 0.09013646814671868, 0.48680245049380344, 1.0546499800834386, 1.121014484561194, 0.6627443275118935, 0.11044715116957336, 1.7226316660415169, 0.272346366378099, 0.09768376590775012, 0.09770220783010206, 0.09742176354002485, 0.9848160402948648]
func_val=2793.0045998267524, avg_rel_err=0.04615776708541126, theta=[0.2949795843469418, 1.0268003538218036, 0.09013646814671868, 0.48680245049380344, 1.0546499800834386, 1.121014484561194, 0.6627443275118935, 0.11044654293129727, 1.7226331573413922, 0.272346366378099, 0.09768376590775012, 0.09770220783010206, 0.09742176354002485, 0.9848160402948648]
func_val=2793.0045527286825, avg_rel_err=0.046157765780717445, theta=[0.2949795843469418, 1.0268003538218036, 0.09013646814671868, 0.48680245049380344, 1.0546499800834386, 1.121014484561194, 0.6627443275118935, 0.11044654293129727, 1.7226316660415169, 0.2723470632957178, 0.09768376590775012, 0.09770220783010206, 0.09742176354002485, 0.9848160402948648]
func_val=2793.004554046666, avg_rel_err=0.04615776494083525, theta=[0.2949795843469418, 1.0268003538218036, 0.09013646814671868, 0.48680245049380344, 1.0546499800834386, 1.121014484561194, 0.6627443275118935, 0.11044654293129727, 1.7226316660415169, 0.272346366378099, 0.09768436715531643, 0.09770220783010206, 0.09742176354002485, 0.9848160402948648]
func_val=2793.0045565672267, avg_rel_err=0.04615776713650022, theta=[0.2949795843469418, 1.0268003538218036, 0.09013646814671868, 0.48680245049380344, 1.0546499800834386, 1.121014484561194, 0.6627443275118935, 0.11044654293129727, 1.7226316660415169, 0.272346366378099, 0.09768376590775012, 0.09770280908776979, 0.09742176354002485, 0.9848160402948648]
func_val=2793.004556645814, avg_rel_err=0.046157767187858585, theta=[0.2949795843469418, 1.0268003538218036, 0.09013646814671868, 0.48680245049380344, 1.0546499800834386, 1.121014484561194, 0.6627443275118935, 0.11044654293129727, 1.7226316660415169, 0.272346366378099, 0.09768376590775012, 0.09770220783010206, 0.09742236464408145, 0.9848160402948648]
func_val=2793.007798402994, avg_rel_err=0.04615776809632826, theta=[0.2949795843469418, 1.0268003538218036, 0.09013646814671868, 0.48680245049380344, 1.0546499800834386, 1.121014484561194, 0.6627443275118935, 0.11044654293129727, 1.7226316660415169, 0.272346366378099, 0.09768376590775012, 0.09770220783010206, 0.09742176354002485, 0.9848171274620899]
func_val=2802.4052269616727, avg_rel_err=0.04609394847988339, theta=[0.2925470089286493, 1.0264434134225713, 0.08432504840960899, 0.48052631173439486, 1.0539425857047384, 1.1205604586124303, 0.656900016618003, 0.09243112512067228, 1.7150663787223206, 0.27071045131734794, 0.09655365953971236, 0.09656728092220894, 0.09615058719859408, 0.9674930365651893]
func_val=2774.6618092221624, avg_rel_err=0.04613094948794214, theta=[0.2939667099950076, 1.0266517311839058, 0.08771671254293381, 0.48418919545110994, 1.0543554356193698, 1.1208254374980866, 0.6603108767071878, 0.1029452936370127, 1.7194816360638212, 0.27166520500710206, 0.09721321286896852, 0.09722964761771126, 0.0968924718669533, 0.9776030979768976]
func_val=2776.2036530153996, avg_rel_err=0.04612922679269839, theta=[0.29388819737702665, 1.0266402107496386, 0.08752914599337658, 0.48398662985700436, 1.0543326041033563, 1.1208107835779653, 0.6601222485786933, 0.10236383679678598, 1.7192374625394395, 0.271612405010338, 0.09717673810691821, 0.09719301727026727, 0.09685144399923305, 0.9770439891558992]
func_val=2778.2433523352124, avg_rel_err=0.04613761606638642, theta=[0.29421137701118966, 1.0266876320409886, 0.08830122174917165, 0.48482044582545053, 1.0544265849332202, 1.1208711031630925, 0.6608986940867828, 0.10475727384854167, 1.7202425482480965, 0.27182974438936797, 0.097326878308057, 0.09734379790388566, 0.09702032604165237, 0.9793454355841832]
func_val=2774.6618037719372, avg_rel_err=0.046130950176388345, theta=[0.29396741875499793, 1.0266517311839058, 0.08771671254293381, 0.48418919545110994, 1.0543554356193698, 1.1208254374980866, 0.6603108767071878, 0.1029452936370127, 1.7194816360638212, 0.27166520500710206, 0.09721321286896852, 0.09722964761771126, 0.0968924718669533, 0.9776030979768976]
func_val=2774.661807470294, avg_rel_err=0.046130949650417336, theta=[0.2939667099950076, 1.0266528412662985, 0.08771671254293381, 0.48418919545110994, 1.0543554356193698, 1.1208254374980866, 0.6603108767071878, 0.1029452936370127, 1.7194816360638212, 0.27166520500710206, 0.09721321286896852, 0.09722964761771126, 0.0968924718669533, 0.9776030979768976]
func_val=2774.6618088368673, avg_rel_err=0.04613095288589497, theta=[0.2939667099950076, 1.0266517311839058, 0.0877173083311258, 0.48418919545110994, 1.0543554356193698, 1.1208254374980866, 0.6603108767071878, 0.1029452936370127, 1.7194816360638212, 0.27166520500710206, 0.09721321286896852, 0.09722964761771126, 0.0968924718669533, 0.9776030979768976]
func_val=2774.661808066071, avg_rel_err=0.04613095175420803, theta=[0.2939667099950076, 1.0266517311839058, 0.08771671254293381, 0.48419000840395615, 1.0543554356193698, 1.1208254374980866, 0.6603108767071878, 0.1029452936370127, 1.7194816360638212, 0.27166520500710206, 0.09721321286896852, 0.09722964761771126, 0.0968924718669533, 0.9776030979768976]
func_val=2774.6618064042277, avg_rel_err=0.04613094995958286, theta=[0.2939667099950076, 1.0266517311839058, 0.08771671254293381, 0.48418919545110994, 1.0543565608762466, 1.1208254374980866, 0.6603108767071878, 0.1029452936370127, 1.7194816360638212, 0.27166520500710206, 0.09721321286896852, 0.09722964761771126, 0.0968924718669533, 0.9776030979768976]
func_val=2774.6618079365935, avg_rel_err=0.04613094948160135, theta=[0.2939667099950076, 1.0266517311839058, 0.08771671254293381, 0.48418919545110994, 1.0543554356193698, 1.120826599163379, 0.6603108767071878, 0.1029452936370127, 1.7194816360638212, 0.27166520500710206, 0.09721321286896852, 0.09722964761771126, 0.0968924718669533, 0.9776030979768976]
func_val=2774.66178918332, avg_rel_err=0.046130949584143266, theta=[0.2939667099950076, 1.0266517311839058, 0.08771671254293381, 0.48418919545110994, 1.0543554356193698, 1.1208254374980866, 0.6603117861292863, 0.1029452936370127, 1.7194816360638212, 0.27166520500710206, 0.09721321286896852, 0.09722964761771126, 0.0968924718669533, 0.9776030979768976]
func_val=2774.662001166643, avg_rel_err=0.04613094956179897, theta=[0.2939667099950076, 1.0266517311839058, 0.08771671254293381, 0.48418919545110994, 1.0543554356193698, 1.1208254374980866, 0.6603108767071878, 0.10294589776653905, 1.7194816360638212, 0.27166520500710206, 0.09721321286896852, 0.09722964761771126, 0.0968924718669533, 0.9776030979768976]
func_val=2774.6617528457364, avg_rel_err=0.046130949541367455, theta=[0.2939667099950076, 1.0266517311839058, 0.08771671254293381, 0.48418919545110994, 1.0543554356193698, 1.1208254374980866, 0.6603108767071878, 0.1029452936370127, 1.7194831256382925, 0.27166520500710206, 0.09721321286896852, 0.09722964761771126, 0.0968924718669533, 0.9776030979768976]
func_val=2774.661806594211, avg_rel_err=0.04613094811315706, theta=[0.2939667099950076, 1.0266517311839058, 0.08771671254293381, 0.48418919545110994, 1.0543554356193698, 1.1208254374980866, 0.6603108767071878, 0.1029452936370127, 1.7194816360638212, 0.2716659015516201, 0.09721321286896852, 0.09722964761771126, 0.0968924718669533, 0.9776030979768976]
func_val=2774.661806820262, avg_rel_err=0.04613094723066146, theta=[0.2939667099950076, 1.0266517311839058, 0.08771671254293381, 0.48418919545110994, 1.0543554356193698, 1.1208254374980866, 0.6603108767071878, 0.1029452936370127, 1.7194816360638212, 0.27166520500710206, 0.09721381385879314, 0.09722964761771126, 0.0968924718669533, 0.9776030979768976]
func_val=2774.661806192285, avg_rel_err=0.04613094944598159, theta=[0.2939667099950076, 1.0266517311839058, 0.08771671254293381, 0.48418919545110994, 1.0543554356193698, 1.1208254374980866, 0.6603108767071878, 0.1029452936370127, 1.7194816360638212, 0.27166520500710206, 0.09721321286896852, 0.0972302486165379, 0.0968924718669533, 0.9776030979768976]
func_val=2774.6618061252852, avg_rel_err=0.046130949494601364, theta=[0.2939667099950076, 1.0266517311839058, 0.08771671254293381, 0.48418919545110994, 1.0543554356193698, 1.1208254374980866, 0.6603108767071878, 0.1029452936370127, 1.7194816360638212, 0.27166520500710206, 0.09721321286896852, 0.09722964761771126, 0.0968930726810946, 0.9776030979768976]
func_val=2774.6584929702167, avg_rel_err=0.04613095037746543, theta=[0.2939667099950076, 1.0266517311839058, 0.08771671254293381, 0.48418919545110994, 1.0543554356193698, 1.1208254374980866, 0.6603108767071878, 0.1029452936370127, 1.7194816360638212, 0.27166520500710206, 0.09721321286896852, 0.09722964761771126, 0.0968924718669533, 0.9776041811932908]
func_val=2783.365217711484, avg_rel_err=0.04614453695124033, theta=[0.29513612850520327, 1.0268176638203361, 0.08876914170813467, 0.4860056970939957, 1.0547344537612824, 1.1209659580472457, 0.6619578531762459, 0.10567650874554645, 1.72177470249733, 0.27239457945602913, 0.09769901581955012, 0.09750708729266108, 0.09720272788389948, 0.9811272416910924]
func_val=2776.1864688517926, avg_rel_err=0.04613436724474781, theta=[0.2942802534703736, 1.0266962208982804, 0.08799888893671984, 0.4846762342940501, 1.0544570576344192, 1.1208631137456913, 0.6607524626077463, 0.10367758465997469, 1.720096451044548, 0.2718607642509193, 0.09734346593418033, 0.09730403450241487, 0.09697565744077344, 0.9785479883289864]
func_val=2774.3967328990607, avg_rel_err=0.046132020648342605, theta=[0.29406687771349127, 1.0266659443107449, 0.08780685942142487, 0.4843447897260451, 1.0543879007994643, 1.1208374739270355, 0.6604519501328805, 0.1031792386137038, 1.7196780509751413, 0.2717276803089998, 0.09725482480923466, 0.0972534119920685, 0.09691904715808505, 0.977904962050693]
func_val=2774.3967321360583, avg_rel_err=0.04613202133655342, theta=[0.29406758652834764, 1.0266659443107449, 0.08780685942142487, 0.4843447897260451, 1.0543879007994643, 1.1208374739270355, 0.6604519501328805, 0.1031792386137038, 1.7196780509751413, 0.2717276803089998, 0.09725482480923466, 0.0972534119920685, 0.09691904715808505, 0.977904962050693]
func_val=2774.396733302923, avg_rel_err=0.04613202081091174, theta=[0.29406687771349127, 1.0266670544009227, 0.08780685942142487, 0.4843447897260451, 1.0543879007994643, 1.1208374739270355, 0.6604519501328805, 0.1031792386137038, 1.7196780509751413, 0.2717276803089998, 0.09725482480923466, 0.0972534119920685, 0.09691904715808505, 0.977904962050693]
func_val=2774.3967373284463, avg_rel_err=0.046132024044297365, theta=[0.29406687771349127, 1.0266659443107449, 0.0878074552589941, 0.4843447897260451, 1.0543879007994643, 1.1208374739270355, 0.6604519501328805, 0.1031792386137038, 1.7196780509751413, 0.2717276803089998, 0.09725482480923466, 0.0972534119920685, 0.09691904715808505, 0.977904962050693]
func_val=2774.396731125728, avg_rel_err=0.046132022913078725, theta=[0.29406687771349127, 1.0266659443107449, 0.08780685942142487, 0.48434560276411687, 1.0543879007994643, 1.1208374739270355, 0.6604519501328805, 0.1031792386137038, 1.7196780509751413, 0.2717276803089998, 0.09725482480923466, 0.0972534119920685, 0.09691904715808505, 0.977904962050693]
func_val=2774.396732168458, avg_rel_err=0.046132021120036795, theta=[0.29406687771349127, 1.0266659443107449, 0.08780685942142487, 0.4843447897260451, 1.0543890260741235, 1.1208374739270355, 0.6604519501328805, 0.1031792386137038, 1.7196780509751413, 0.2717276803089998, 0.09725482480923466, 0.0972534119920685, 0.09691904715808505, 0.977904962050693]
func_val=2774.3967336676174, avg_rel_err=0.04613202064201016, theta=[0.29406687771349127, 1.0266659443107449, 0.08780685942142487, 0.4843447897260451, 1.0543879007994643, 1.1208386355989208, 0.6604519501328805, 0.1031792386137038, 1.7196780509751413, 0.2717276803089998, 0.09725482480923466, 0.0972534119920685, 0.09691904715808505, 0.977904962050693]
func_val=2774.396751113805, avg_rel_err=0.04613202074462217, theta=[0.29406687771349127, 1.0266659443107449, 0.08780685942142487, 0.4843447897260451, 1.0543879007994643, 1.1208374739270355, 0.6604528596322509, 0.1031792386137038, 1.7196780509751413, 0.2717276803089998, 0.09725482480923466, 0.0972534119920685, 0.09691904715808505, 0.977904962050693]
func_val=2774.3965358689516, avg_rel_err=0.046132020689416964, theta=[0.29406687771349127, 1.0266659443107449, 0.08780685942142487, 0.4843447897260451, 1.0543879007994643, 1.1208374739270355, 0.6604519501328805, 0.10317984287137166, 1.7196780509751413, 0.2717276803089998, 0.09725482480923466, 0.0972534119920685, 0.09691904715808505, 0.977904962050693]
func_val=2774.396782011669, avg_rel_err=0.04613202069499867, theta=[0.29406687771349127, 1.0266659443107449, 0.08780685942142487, 0.4843447897260451, 1.0543879007994643, 1.1208374739270355, 0.6604519501328805, 0.1031792386137038, 1.7196795406571974, 0.2717276803089998, 0.09725482480923466, 0.0972534119920685, 0.09691904715808505, 0.977904962050693]
func_val=2774.396732052485, avg_rel_err=0.04613201927342826, theta=[0.29406687771349127, 1.0266659443107449, 0.08780685942142487, 0.4843447897260451, 1.0543879007994643, 1.1208374739270355, 0.6604519501328805, 0.1031792386137038, 1.7196780509751413, 0.2717283768877382, 0.09725482480923466, 0.0972534119920685, 0.09691904715808505, 0.977904962050693]
func_val=2774.396733382429, avg_rel_err=0.04613201839099918, theta=[0.29406687771349127, 1.0266659443107449, 0.08780685942142487, 0.4843447897260451, 1.0543879007994643, 1.1208374739270355, 0.6604519501328805, 0.1031792386137038, 1.7196780509751413, 0.2717276803089998, 0.0972554258218519, 0.0972534119920685, 0.09691904715808505, 0.977904962050693]
func_val=2774.3967359138373, avg_rel_err=0.0461320206063655, theta=[0.29406687771349127, 1.0266659443107449, 0.08780685942142487, 0.4843447897260451, 1.0543879007994643, 1.1208374739270355, 0.6604519501328805, 0.1031792386137038, 1.7196780509751413, 0.2717276803089998, 0.09725482480923466, 0.09725401300391187, 0.09691904715808505, 0.977904962050693]
func_val=2774.396735993794, avg_rel_err=0.04613202065499305, theta=[0.29406687771349127, 1.0266659443107449, 0.08780685942142487, 0.4843447897260451, 1.0543879007994643, 1.1208374739270355, 0.6604519501328805, 0.1031792386137038, 1.7196780509751413, 0.2717276803089998, 0.09725482480923466, 0.0972534119920685, 0.09691964798678275, 0.977904962050693]
func_val=2774.3999871215633, avg_rel_err=0.04613202153807933, theta=[0.29406687771349127, 1.0266659443107449, 0.08780685942142487, 0.4843447897260451, 1.0543879007994643, 1.1208374739270355, 0.6604519501328805, 0.1031792386137038, 1.7196780509751413, 0.2717276803089998, 0.09725482480923466, 0.0972534119920685, 0.09691904715808505, 0.9779060454324299]
func_val=2774.21033071926, avg_rel_err=0.046130298040329865, theta=[0.29463415292059475, 1.0267438809351834, 0.08746650339467944, 0.48466096307653356, 1.0545896944649038, 1.1208695945056195, 0.6606350583568692, 0.10385825034258041, 1.7200477973124717, 0.2720540795509361, 0.09746296712376498, 0.0972631230759857, 0.09692913335000311, 0.9778323682800333]
func_val=2774.2103252872357, avg_rel_err=0.04613029871521361, theta=[0.2946348620461716, 1.0267438809351834, 0.08746650339467944, 0.48466096307653356, 1.0545896944649038, 1.1208695945056195, 0.6606350583568692, 0.10385825034258041, 1.7200477973124717, 0.2720540795509361, 0.09746296712376498, 0.0972631230759857, 0.09692913335000311, 0.9778323682800333]
func_val=2774.210328967205, avg_rel_err=0.0461302982026576, theta=[0.29463415292059475, 1.0267449910680504, 0.08746650339467944, 0.48466096307653356, 1.0545896944649038, 1.1208695945056195, 0.6606350583568692, 0.10385825034258041, 1.7200477973124717, 0.2720540795509361, 0.09746296712376498, 0.0972631230759857, 0.09692913335000311, 0.9778323682800333]
func_val=2774.210330341179, avg_rel_err=0.0461303014560998, theta=[0.29463415292059475, 1.0267438809351834, 0.08746709904582135, 0.48466096307653356, 1.0545896944649038, 1.1208695945056195, 0.6606350583568692, 0.10385825034258041, 1.7200477973124717, 0.2720540795509361, 0.09746296712376498, 0.0972631230759857, 0.09692913335000311, 0.9778323682800333]
func_val=2774.210329563874, avg_rel_err=0.04613030027815914, theta=[0.29463415292059475, 1.0267438809351834, 0.08746650339467944, 0.4846617762877867, 1.0545896944649038, 1.1208695945056195, 0.6606350583568692, 0.10385825034258041, 1.7200477973124717, 0.2720540795509361, 0.09746296712376498, 0.0972631230759857, 0.09692913335000311, 0.9778323682800333]
func_val=2774.210327904122, avg_rel_err=0.04613029850527627, theta=[0.29463415292059475, 1.0267438809351834, 0.08746650339467944, 0.48466096307653356, 1.054590819850094, 1.1208695945056195, 0.6606350583568692, 0.10385825034258041, 1.7200477973124717, 0.2720540795509361, 0.09746296712376498, 0.0972631230759857, 0.09692913335000311, 0.9778323682800333]
func_val=2774.210329434771, avg_rel_err=0.046130298034990615, theta=[0.29463415292059475, 1.0267438809351834, 0.08746650339467944, 0.48466096307653356, 1.0545896944649038, 1.1208707561950986, 0.6606350583568692, 0.10385825034258041, 1.7200477973124717, 0.2720540795509361, 0.09746296712376498, 0.0972631230759857, 0.09692913335000311, 0.9778323682800333]
func_val=2774.210310830455, avg_rel_err=0.04613029812570665, theta=[0.29463415292059475, 1.0267438809351834, 0.08746650339467944, 0.48466096307653356, 1.0545896944649038, 1.1208695945056195, 0.6606359679565357, 0.10385825034258041, 1.7200477973124717, 0.2720540795509361, 0.09746296712376498, 0.0972631230759857, 0.09692913335000311, 0.9778323682800333]
